data,pe_zi,cumulat
2020-02-26,1.0,1.0
2020-02-27,0.0,1.0
2020-02-28,2.0,3.0
2020-02-29,0.0,3.0
2020-03-01,0.0,3.0
2020-03-02,0.0,3.0
2020-03-03,1.0,4.0
2020-03-04,2.0,6.0
2020-03-05,1.0,7.0
2020-03-06,2.0,9.0
2020-03-07,4.0,13.0
2020-03-08,2.0,15.0
2020-03-09,2.0,17.0
2020-03-10,12.0,29.0
2020-03-11,18.0,47.0
2020-03-12,12.0,59.0
2020-03-13,36.0,95.0
2020-03-14,28.0,123.0
2020-03-15,16.0,139.0
2020-03-16,29.0,168.0
2020-03-17,49.0,217.0
2020-03-18,43.0,260.0
2020-03-19,17.0,277.0
2020-03-20,31.0,308.0
2020-03-21,59.0,367.0
2020-03-22,66.0,433.0
2020-03-23,143.0,576.0
2020-03-24,186.0,762.0
2020-03-25,144.0,906.0
2020-03-26,123.0,1029.0
2020-03-27,263.0,1292.0
2020-03-28,160.0,1452.0
2020-03-29,308.0,1760.0
2020-03-30,192.0,1952.0
2020-03-31,293.0,2245.0
2020-04-01,215.0,2460.0
2020-04-02,278.0,2738.0
2020-04-03,445.0,3183.0
2020-04-04,430.0,3613.0
2020-04-05,251.0,3864.0
2020-04-06,193.0,4057.0
2020-04-07,360.0,4417.0
2020-04-08,344.0,4761.0
2020-04-09,441.0,5202.0
2020-04-10,265.0,5467.0
2020-04-11,523.0,5990.0
2020-04-12,310.0,6300.0
2020-04-13,333.0,6633.0
2020-04-14,246.0,6879.0
2020-04-15,337.0,7216.0
2020-04-16,491.0,7707.0
2020-04-17,360.0,8067.0
2020-04-18,351.0,8418.0
2020-04-19,328.0,8746.0
2020-04-20,190.0,8936.0
2020-04-21,306.0,9242.0
2020-04-22,468.0,9710.0
2020-04-23,386.0,10096.0
2020-04-24,321.0,10417.0
2020-04-25,218.0,10635.0
2020-04-26,401.0,11036.0
2020-04-27,303.0,11339.0
2020-04-28,277.0,11616.0
2020-04-29,362.0,11978.0
2020-04-30,262.0,12240.0
2020-05-01,327.0,12567.0
